7,13
7,9
7,5
7,1
7,6
7,2
7,3
5,4
5,2
5,1
5,3
112,1
112,3
115,1
115,3
111,1
111,3
119,1
119,3
114,1
114,3
184,53
184,52
184,51
184,50
184,49
184,48
184,47
184,46
184,45
184,44
184,43
184,42
184,41
184,40
184,39
184,38
184,37
184,36
184,35
10,5
10,255
10,247
10,119
9,2
9,3
8,14
8,15
8,5
8,18
8,17
122,3
122,1
118,3
118,1
117,3
117,1
116,3
116,1
20,2
12,3
20,1
12,2
20,3
12,1
11,29
11,28
11,27
11,26
11,25
11,24
19,2
11,23
11,22
19,1
11,21
19,3
11,20
11,19
11,18
11,17
11,16
11,15
11,14
11,13
11,12
11,11
11,10
11,9
11,8
11,7
11,6
11,5
11,4
11,3
11,2
11,1
10,307
10,306
10,301
10,292
10,290
10,289
10,288
10,287
10,282
10,280
10,277
10,271
10,268
10,258
10,257
10,254
10,252
10,250
10,248
10,245
10,238
10,234
10,232
10,231
10,228
10,221
10,219
10,218
10,216
10,214
10,213
10,210
10,206
10,197
10,189
10,186
10,185
10,184
10,181
